0 0.659516 0.549296 0.025917 0.026296
0 0.597802 0.550787 0.027146 0.028796
0 0.542250 0.618731 0.030813 0.168093
0 0.486167 0.558880 0.036677 0.051296
0 0.434406 0.560477 0.033583 0.046954
0 0.375474 0.548736 0.025271 0.035065
0 0.336005 0.546181 0.027094 0.036231
0 0.356607 0.545384 0.012318 0.013139
0 0.311932 0.548574 0.021948 0.019519
0 0.285953 0.544986 0.020604 0.024287
0 0.255159 0.558903 0.036057 0.050528
0 0.221117 0.551773 0.022620 0.028306
0 0.191448 0.547773 0.014781 0.017917
0 0.167419 0.549463 0.031339 0.044611
0 0.129786 0.550852 0.022365 0.025741
