0 0.264753 0.550801 0.032359 0.042509
0 0.317070 0.557352 0.034516 0.052426
0 0.368667 0.563741 0.030562 0.065204
0 0.398154 0.551120 0.023734 0.024611
0 0.426956 0.556699 0.031818 0.051324
0 0.465305 0.539218 0.020422 0.029620
0 0.498359 0.550921 0.024188 0.027231
0 0.536117 0.554264 0.033057 0.038694
0 0.601690 0.556889 0.033057 0.038222
0 0.608813 0.550921 0.019885 0.027231
0 0.658529 0.549722 0.020422 0.023889
0 0.700987 0.537306 0.023651 0.026759
0 0.134680 0.543931 0.028224 0.035157
0 0.174411 0.549361 0.021396 0.024296
0 0.224122 0.559588 0.036318 0.053694
