0 0.705766 0.555356 0.032469 0.036880
0 0.291581 0.547806 0.025286 0.023204
0 0.247945 0.564477 0.034255 0.044954
0 0.207568 0.555056 0.026917 0.034796
0 0.336443 0.553602 0.026917 0.029000
0 0.364992 0.548532 0.022026 0.015954
0 0.390276 0.560130 0.035073 0.039148
0 0.428206 0.550704 0.027734 0.023204
0 0.454307 0.549255 0.024469 0.014509
0 0.504878 0.555056 0.030995 0.034796
0 0.553000 0.546343 0.021208 0.020278
0 0.586443 0.561579 0.037521 0.039157
0 0.665260 0.554106 0.030625 0.032898
0 0.140687 0.552880 0.026917 0.027556
0 0.062594 0.615597 0.035271 0.031972
