0 0.707544 0.551532 0.029151 0.044694
0 0.659599 0.552801 0.037458 0.051380
0 0.602250 0.555792 0.030323 0.043083
0 0.608018 0.554065 0.017755 0.021667
0 0.564602 0.546347 0.033828 0.032491
0 0.532651 0.559477 0.034979 0.060139
0 0.487555 0.556255 0.031620 0.042157
0 0.441930 0.552222 0.024609 0.027648
0 0.378563 0.550130 0.026177 0.027148
0 0.314865 0.568116 0.031802 0.063306
0 0.263388 0.555051 0.032474 0.039306
0 0.224945 0.550880 0.025630 0.026778
0 0.171344 0.548444 0.026802 0.030259
0 0.130945 0.554875 0.029734 0.035472
