0 0.065016 0.616231 0.033198 0.035685
0 0.144198 0.554144 0.029740 0.027083
0 0.179122 0.547981 0.017984 0.012296
0 0.206448 0.555366 0.032521 0.034454
0 0.249664 0.551051 0.020745 0.020898
0 0.296341 0.558431 0.038036 0.043028
0 0.342331 0.555352 0.033193 0.034426
0 0.334727 0.550426 0.015214 0.022148
0 0.389703 0.568264 0.029740 0.060250
0 0.429815 0.556583 0.031120 0.031963
0 0.460591 0.549208 0.022130 0.017213
0 0.505542 0.555968 0.033198 0.035657
0 0.551875 0.555972 0.033198 0.028278
0 0.595445 0.562731 0.033193 0.044259
0 0.659414 0.557815 0.031120 0.036889
0 0.712320 0.559042 0.034578 0.049176
