0 0.139461 0.558681 0.030995 0.044954
0 0.176167 0.545630 0.026104 0.021759
0 0.209607 0.549255 0.021203 0.020306
0 0.253237 0.555056 0.033422 0.031907
0 0.298107 0.561579 0.038339 0.042046
0 0.341339 0.556505 0.035073 0.040602
0 0.063604 0.606519 0.032625 0.027519
0 0.391091 0.548532 0.020391 0.015954
0 0.422904 0.561588 0.035078 0.044972
0 0.466130 0.552870 0.031802 0.033333
0 0.508560 0.562306 0.031839 0.046407
0 0.552188 0.558681 0.032625 0.039157
0 0.596641 0.566653 0.026917 0.057991
0 0.634977 0.547806 0.017130 0.017407
0 0.666786 0.550694 0.023656 0.020278
0 0.717349 0.549259 0.023635 0.026111
0 0.805049 0.604356 0.029380 0.034806
