0 0.061974 0.612333 0.032625 0.030444
0 0.130898 0.560852 0.038339 0.043500
0 0.175352 0.547806 0.027734 0.029000
0 0.209609 0.549986 0.024469 0.024657
0 0.251208 0.555778 0.037521 0.039148
0 0.293620 0.560856 0.037521 0.055102
0 0.342562 0.556528 0.037521 0.040648
0 0.393130 0.548528 0.016313 0.018852
0 0.423318 0.560866 0.032635 0.046417
0 0.466539 0.555056 0.030995 0.029000
0 0.507732 0.565931 0.033443 0.047861
0 0.552594 0.558681 0.036708 0.036250
0 0.598680 0.567384 0.039151 0.059454
0 0.635792 0.549273 0.033438 0.020343
0 0.665971 0.550704 0.023651 0.023204
0 0.716951 0.550727 0.027734 0.026139
0 0.804208 0.606528 0.030958 0.033352
