0 0.675453 0.550426 0.031500 0.036000
0 0.128885 0.548981 0.021781 0.022241
0 0.211638 0.549861 0.025109 0.027519
0 0.254344 0.561704 0.033479 0.060167
0 0.300286 0.553144 0.033385 0.035676
0 0.338674 0.544662 0.016380 0.021602
0 0.377464 0.555306 0.032396 0.055037
0 0.435560 0.546421 0.026911 0.038565
0 0.481549 0.550023 0.021328 0.026565
0 0.511294 0.550343 0.024297 0.026556
0 0.553820 0.557699 0.029609 0.048639
0 0.592203 0.549782 0.033479 0.032472
0 0.640128 0.556745 0.032672 0.042880
0 0.726664 0.550505 0.031682 0.035843
0 0.177169 0.565944 0.033568 0.060963
