0 0.658656 0.548681 0.019000 0.023417
0 0.618984 0.542801 0.020635 0.021898
0 0.595826 0.550560 0.025943 0.037620
0 0.546542 0.546694 0.022188 0.031000
0 0.498367 0.549713 0.026380 0.027370
0 0.431461 0.552935 0.027734 0.039852
0 0.393318 0.540454 0.022052 0.022537
0 0.405875 0.533310 0.020948 0.030398
0 0.369081 0.564102 0.037703 0.059778
0 0.310089 0.551394 0.027917 0.041157
0 0.264094 0.549310 0.031125 0.043157
0 0.218836 0.554787 0.032339 0.050093
0 0.187279 0.538755 0.023495 0.038065
0 0.167250 0.560491 0.031302 0.053481
