0 0.687188 0.554130 0.035833 0.058056
0 0.645198 0.557120 0.033594 0.055407
0 0.602273 0.557282 0.029859 0.049102
0 0.558229 0.565745 0.030979 0.075972
0 0.520997 0.554296 0.032286 0.047111
0 0.477422 0.550319 0.030604 0.041806
0 0.442708 0.554130 0.032469 0.048111
0 0.406318 0.545171 0.022771 0.028861
0 0.376737 0.556287 0.033776 0.055074
0 0.336615 0.552472 0.031167 0.039481
0 0.300406 0.554463 0.033406 0.047444
0 0.263737 0.549486 0.029484 0.030861
0 0.219227 0.553634 0.035276 0.037824
0 0.179289 0.549986 0.019224 0.021231
0 0.149523 0.537708 0.025755 0.035824
