0 0.059120 0.622481 0.035073 0.033352
0 0.757326 0.592755 0.033443 0.034806
0 0.558302 0.572454 0.030177 0.058000
0 0.600310 0.574630 0.027734 0.065259
0 0.662708 0.552880 0.015500 0.021759
0 0.480000 0.560130 0.028552 0.039148
0 0.426167 0.555056 0.023656 0.031907
0 0.287911 0.571005 0.032625 0.055102
0 0.327471 0.561583 0.031807 0.047852
0 0.382937 0.561579 0.031812 0.042046
0 0.196151 0.555056 0.023656 0.023204
0 0.246312 0.560130 0.034260 0.033352
0 0.803000 0.623208 0.035073 0.063806
0 0.127227 0.565931 0.029359 0.042046
0 0.515482 0.556505 0.019578 0.023194
