0 0.482448 0.560856 0.030177 0.031898
0 0.425352 0.553602 0.025286 0.023204
0 0.451862 0.549977 0.022839 0.030454
0 0.803000 0.622481 0.035073 0.068148
0 0.057487 0.616685 0.031807 0.039148
0 0.092969 0.595657 0.019573 0.011593
0 0.128451 0.564481 0.028547 0.039148
0 0.198596 0.553606 0.022026 0.026102
0 0.249576 0.560856 0.032630 0.034806
0 0.287505 0.570282 0.035073 0.053657
0 0.331141 0.565208 0.034260 0.040602
0 0.382529 0.559403 0.029359 0.034806
0 0.694112 0.545602 0.026099 0.018796
0 0.662302 0.552153 0.021208 0.020306
0 0.602758 0.576806 0.027734 0.060907
0 0.560341 0.571731 0.026099 0.056556
0 0.519560 0.561579 0.032630 0.027546
