0 0.059706 0.612616 0.032516 0.030102
0 0.123935 0.551463 0.033057 0.028185
0 0.177128 0.569620 0.030328 0.064500
0 0.211937 0.554093 0.026854 0.027704
0 0.259648 0.551940 0.020151 0.020546
0 0.298750 0.557435 0.031708 0.033444
0 0.336911 0.557194 0.031708 0.033926
0 0.329789 0.553611 0.013703 0.019111
0 0.371365 0.556852 0.019260 0.028667
0 0.379651 0.560037 0.038521 0.045389
0 0.436299 0.550282 0.026849 0.032250
0 0.475055 0.550681 0.027766 0.028269
0 0.513573 0.549287 0.027771 0.031056
0 0.557242 0.567042 0.031578 0.060120
0 0.600891 0.556731 0.035385 0.042204
0 0.645346 0.559519 0.033818 0.045389
0 0.684193 0.556333 0.035365 0.045389
0 0.770776 0.620977 0.030927 0.071194
0 0.803974 0.610227 0.032781 0.051602
