0 0.129331 0.562731 0.037349 0.044259
0 0.060521 0.613139 0.029740 0.027056
0 0.177742 0.549824 0.027661 0.020907
0 0.209549 0.549208 0.023505 0.022139
0 0.253815 0.555981 0.033203 0.033222
0 0.301529 0.549819 0.022130 0.020898
0 0.372057 0.552306 0.023490 0.020944
0 0.428086 0.566421 0.029047 0.054102
0 0.464393 0.555356 0.033891 0.029509
0 0.508654 0.565190 0.031120 0.054102
0 0.551531 0.560273 0.033885 0.039343
0 0.594406 0.554125 0.024208 0.024583
0 0.637630 0.553509 0.024896 0.025815
0 0.665068 0.551532 0.024156 0.017176
0 0.716596 0.551528 0.024151 0.022907
0 0.805565 0.605926 0.029786 0.034352
