0 0.130081 0.563755 0.028547 0.040602
0 0.199414 0.555782 0.025286 0.021750
0 0.249982 0.557954 0.033443 0.031907
0 0.289135 0.570296 0.036708 0.056519
0 0.331549 0.562306 0.035078 0.046407
0 0.383753 0.559403 0.028547 0.034806
0 0.427391 0.555782 0.026104 0.021750
0 0.503654 0.552870 0.025286 0.024630
0 0.562789 0.573907 0.032630 0.060907
0 0.606018 0.555056 0.014682 0.020296
0 0.806680 0.630454 0.026120 0.066685
0 0.695336 0.550704 0.017130 0.014500
0 0.662708 0.555056 0.018760 0.023204
0 0.059935 0.618856 0.036703 0.034806
