0 0.642802 0.556940 0.032542 0.045065
0 0.405758 0.541273 0.026609 0.022694
0 0.338878 0.551023 0.030568 0.040269
0 0.299326 0.552463 0.032005 0.038037
0 0.259143 0.568602 0.035057 0.067111
0 0.211771 0.549907 0.026604 0.028444
0 0.177432 0.568440 0.030563 0.063602
0 0.130104 0.549722 0.022448 0.021296
0 0.726581 0.550704 0.030745 0.046019
0 0.684063 0.554542 0.034521 0.044750
0 0.598755 0.555009 0.032896 0.043130
0 0.557133 0.556935 0.039911 0.056574
0 0.511740 0.548949 0.027146 0.030361
0 0.480727 0.548787 0.023016 0.027481
0 0.466706 0.539181 0.021932 0.025528
0 0.437039 0.549264 0.026245 0.034843
0 0.379328 0.556458 0.034521 0.051139
0 0.603409 0.549620 0.023109 0.028611
