0 0.132482 0.554426 0.034266 0.046981
0 0.178500 0.548852 0.021500 0.025481
0 0.245352 0.553032 0.023964 0.033046
0 0.284318 0.546662 0.017240 0.013935
0 0.311750 0.554227 0.033146 0.044194
0 0.340177 0.541310 0.016167 0.016176
0 0.375839 0.558097 0.032333 0.049269
0 0.369451 0.555676 0.020922 0.034296
0 0.411497 0.555556 0.030568 0.052889
0 0.464688 0.546139 0.022552 0.035981
0 0.497086 0.557611 0.036818 0.051685
0 0.567120 0.555681 0.034240 0.042028
0 0.572281 0.550606 0.022823 0.023676
0 0.609302 0.549037 0.023500 0.022944
0 0.646935 0.547468 0.023234 0.021731
0 0.692174 0.549278 0.034370 0.044685
