0 0.131966 0.553273 0.032891 0.048843
0 0.178357 0.547949 0.022172 0.026639
0 0.252745 0.559269 0.036406 0.055667
0 0.283305 0.547417 0.017828 0.017574
0 0.311849 0.551681 0.033260 0.044213
0 0.340464 0.543690 0.011687 0.012787
0 0.370276 0.563264 0.032958 0.065250
0 0.418370 0.558741 0.034156 0.057796
0 0.489383 0.564329 0.033859 0.070046
0 0.530359 0.536366 0.018729 0.029028
0 0.567589 0.553009 0.032958 0.041019
0 0.571633 0.551014 0.023672 0.024769
0 0.608638 0.546755 0.020974 0.024769
0 0.647219 0.546750 0.021719 0.024241
0 0.691487 0.549426 0.032651 0.041259
