0 0.133487 0.555380 0.027568 0.024500
0 0.165474 0.562171 0.036406 0.041287
0 0.238737 0.551787 0.028016 0.025833
0 0.319190 0.555644 0.029214 0.028231
0 0.364060 0.553116 0.023974 0.021046
0 0.383987 0.553648 0.025172 0.021574
0 0.414625 0.555912 0.032510 0.027694
0 0.480021 0.556847 0.032062 0.030102
0 0.519573 0.551787 0.023073 0.021037
0 0.565120 0.551250 0.024271 0.024241
0 0.603471 0.563241 0.032057 0.060463
0 0.608490 0.557644 0.020229 0.047139
0 0.644823 0.559778 0.034458 0.064185
0 0.689393 0.546324 0.022026 0.028759
0 0.727672 0.545662 0.028167 0.029565
