0 0.696500 0.554606 0.030115 0.048083
0 0.644828 0.551579 0.031250 0.038639
0 0.602156 0.556449 0.031844 0.042806
0 0.606870 0.552088 0.020115 0.027287
0 0.564862 0.550546 0.024016 0.022352
0 0.528924 0.548083 0.026880 0.029130
0 0.479026 0.555403 0.027135 0.041306
0 0.421805 0.546690 0.019682 0.027898
0 0.372862 0.548699 0.020630 0.025435
0 0.387427 0.542917 0.018208 0.020352
0 0.320279 0.560949 0.033901 0.065046
0 0.282344 0.544616 0.019594 0.024046
0 0.251305 0.558102 0.035547 0.062426
0 0.209865 0.536056 0.024448 0.032833
0 0.177870 0.551315 0.022542 0.028204
0 0.154375 0.539681 0.020635 0.036380
0 0.128799 0.553708 0.030172 0.047472
