0 0.130935 0.555500 0.030682 0.028667
0 0.165794 0.559319 0.034130 0.047620
0 0.238820 0.550315 0.026245 0.027074
0 0.319336 0.552329 0.029161 0.036861
0 0.375768 0.555306 0.035099 0.042056
0 0.416159 0.553495 0.030995 0.037269
0 0.479987 0.551560 0.029484 0.040324
0 0.519081 0.550602 0.023651 0.025722
0 0.564281 0.550602 0.024625 0.026111
0 0.568924 0.545514 0.019651 0.014787
0 0.603672 0.563523 0.031729 0.057731
0 0.607872 0.558046 0.019224 0.045444
0 0.646036 0.561866 0.034708 0.061046
0 0.688586 0.547431 0.023516 0.024880
0 0.727870 0.545935 0.028927 0.026537
