0 0.711448 0.558736 0.035208 0.048472
0 0.656089 0.551014 0.024271 0.023972
0 0.600224 0.550796 0.018979 0.024630
0 0.560521 0.552125 0.021229 0.022417
0 0.527417 0.562579 0.029406 0.060620
0 0.504294 0.541130 0.013943 0.018241
0 0.482286 0.559375 0.030719 0.052269
0 0.435258 0.553611 0.029766 0.042130
0 0.372594 0.552491 0.021094 0.025370
0 0.334862 0.549741 0.014641 0.017315
0 0.310747 0.550343 0.020464 0.019259
0 0.285461 0.548815 0.014891 0.015648
0 0.254174 0.560185 0.033297 0.053204
0 0.219362 0.552505 0.023099 0.027194
0 0.165682 0.550500 0.026604 0.032204
0 0.127362 0.565088 0.035547 0.060176
