0 0.062258 0.616912 0.035474 0.034398
0 0.129714 0.559102 0.032250 0.043019
0 0.200258 0.551227 0.024453 0.022454
0 0.249706 0.557676 0.033589 0.042037
0 0.291091 0.553375 0.023922 0.026750
0 0.330729 0.562931 0.036010 0.050639
0 0.385417 0.555287 0.030906 0.040130
0 0.429430 0.552167 0.027411 0.028093
0 0.505539 0.551880 0.027411 0.028667
0 0.566812 0.550449 0.022896 0.022361
0 0.606638 0.551579 0.023859 0.018880
0 0.663633 0.550843 0.028464 0.021500
0 0.695089 0.555023 0.028677 0.029861
0 0.805714 0.604986 0.025531 0.024676
