0 0.128810 0.551255 0.019984 0.025509
0 0.165206 0.550324 0.028828 0.032722
0 0.221156 0.552134 0.022927 0.025639
0 0.254341 0.560282 0.034526 0.048213
0 0.284872 0.546019 0.019589 0.020630
0 0.312453 0.549569 0.021427 0.018398
0 0.334958 0.552829 0.017031 0.017713
0 0.373154 0.553236 0.021755 0.023880
0 0.436443 0.554398 0.032885 0.038556
0 0.484237 0.560046 0.032172 0.053111
0 0.527870 0.562787 0.028104 0.055796
0 0.562005 0.552481 0.021552 0.026556
0 0.601495 0.552361 0.022552 0.022500
0 0.658813 0.551528 0.018125 0.022315
0 0.712302 0.559491 0.033333 0.047870
