0 0.249661 0.563963 0.033198 0.054093
0 0.144201 0.555356 0.032505 0.024583
0 0.204367 0.557815 0.031120 0.034426
0 0.288044 0.554162 0.033891 0.029435
0 0.336109 0.552898 0.031813 0.031963
0 0.365846 0.550407 0.016599 0.017148
0 0.391086 0.560273 0.038036 0.036880
0 0.429815 0.553514 0.029734 0.023361
0 0.457823 0.550435 0.019365 0.012296
0 0.505542 0.557815 0.035958 0.029500
0 0.592677 0.562731 0.035958 0.044259
0 0.665638 0.557199 0.031120 0.030731
0 0.707130 0.557199 0.033885 0.035657
0 0.065016 0.618056 0.037344 0.034426
0 0.805333 0.602690 0.029740 0.023361
