0 0.151706 0.547829 0.027630 0.030565
0 0.181721 0.547269 0.021599 0.022722
0 0.225805 0.557102 0.034276 0.063019
0 0.262544 0.548338 0.031224 0.034639
0 0.300576 0.558352 0.034036 0.051333
0 0.319591 0.531852 0.021828 0.031722
0 0.336846 0.557519 0.030516 0.041315
0 0.328747 0.553556 0.013380 0.020870
0 0.358794 0.541245 0.019016 0.023787
0 0.382508 0.542079 0.025589 0.037139
0 0.415255 0.551681 0.025823 0.035472
0 0.479695 0.551468 0.031693 0.040898
0 0.519956 0.547921 0.022536 0.029639
0 0.559279 0.549380 0.018547 0.024204
0 0.602237 0.562736 0.032161 0.053417
0 0.608930 0.560653 0.021130 0.038398
0 0.646138 0.562319 0.032161 0.056750
0 0.687456 0.561694 0.031693 0.063019
0 0.720318 0.541037 0.022302 0.032556
