0 0.137013 0.560856 0.030995 0.034806
0 0.209201 0.552176 0.022026 0.023241
0 0.249169 0.552157 0.025286 0.023204
0 0.295661 0.560856 0.031813 0.046398
0 0.340120 0.558704 0.031010 0.036296
0 0.333182 0.555056 0.015500 0.023204
0 0.391500 0.551431 0.017937 0.018843
0 0.425357 0.561583 0.033453 0.039148
0 0.463682 0.556505 0.031802 0.026102
0 0.506104 0.565208 0.035083 0.046398
0 0.549331 0.560130 0.033443 0.039148
0 0.594599 0.563755 0.032625 0.049306
0 0.633755 0.549259 0.029365 0.017407
0 0.661893 0.568106 0.030182 0.055102
0 0.712464 0.563755 0.031812 0.049306
0 0.803411 0.602907 0.029365 0.034796
0 0.060737 0.608694 0.028526 0.031870
