0 0.151117 0.544056 0.025818 0.030685
0 0.179190 0.546542 0.019443 0.021287
0 0.226000 0.557051 0.033125 0.064417
0 0.263823 0.552014 0.026750 0.033361
0 0.299745 0.553931 0.033865 0.048713
0 0.337393 0.553287 0.034036 0.038981
0 0.328997 0.552310 0.016349 0.022694
0 0.415328 0.551514 0.027323 0.033843
0 0.480159 0.551713 0.033818 0.039815
0 0.520247 0.549523 0.023068 0.025880
0 0.559328 0.549921 0.019708 0.022694
0 0.600534 0.557690 0.036276 0.045380
0 0.606578 0.553704 0.019708 0.031056
0 0.624383 0.541162 0.016797 0.017120
0 0.646331 0.561866 0.032474 0.056935
0 0.688096 0.556093 0.034484 0.054148
