0 0.061565 0.610157 0.033443 0.029000
0 0.139461 0.558681 0.032630 0.039157
0 0.173719 0.544181 0.027729 0.027546
0 0.209201 0.549255 0.020391 0.020306
0 0.253245 0.556495 0.035073 0.034787
0 0.296883 0.559403 0.035891 0.040602
0 0.341339 0.556505 0.031812 0.040602
0 0.391909 0.549255 0.020391 0.020306
0 0.426573 0.560856 0.034260 0.040602
0 0.466948 0.553606 0.035073 0.026102
0 0.508141 0.565204 0.035885 0.046407
0 0.551781 0.559407 0.035083 0.037704
0 0.597456 0.565208 0.031807 0.055102
0 0.633753 0.545630 0.022839 0.018852
0 0.667195 0.549255 0.022839 0.026102
0 0.716542 0.548537 0.025281 0.027556
0 0.804633 0.602907 0.026922 0.034796
