0 0.697953 0.551157 0.034667 0.044426
0 0.645010 0.549486 0.030365 0.040139
0 0.609839 0.546111 0.023208 0.026167
0 0.590138 0.540273 0.020943 0.024954
0 0.563193 0.560102 0.036792 0.054944
0 0.529005 0.539769 0.018000 0.024759
0 0.479190 0.555264 0.032495 0.042065
0 0.418284 0.558593 0.034984 0.056759
0 0.373846 0.547319 0.022193 0.025361
0 0.311536 0.554009 0.031833 0.042907
0 0.283172 0.547403 0.017260 0.017972
0 0.252138 0.560954 0.035443 0.059444
0 0.177255 0.548926 0.023156 0.023222
0 0.131172 0.554176 0.033281 0.047000
