0 0.059138 0.611292 0.029734 0.020898
0 0.130023 0.561500 0.037349 0.046722
0 0.176010 0.547981 0.024208 0.022130
0 0.208169 0.549819 0.022130 0.023361
0 0.252430 0.555356 0.034578 0.036880
0 0.294268 0.564574 0.038036 0.052870
0 0.371378 0.552898 0.024901 0.024593
0 0.428432 0.565806 0.039417 0.055333
0 0.467505 0.552898 0.033198 0.034426
0 0.508997 0.565190 0.034578 0.054102
0 0.550146 0.560273 0.036656 0.036880
0 0.597865 0.568264 0.032500 0.055324
0 0.636938 0.551051 0.020750 0.018435
0 0.664255 0.551051 0.021438 0.018435
0 0.716812 0.550435 0.024208 0.022130
0 0.805677 0.605148 0.031813 0.035648
