0 0.130312 0.549944 0.021302 0.021111
0 0.177773 0.564185 0.029859 0.061926
0 0.211990 0.551181 0.027062 0.024306
0 0.254602 0.560449 0.032349 0.060546
0 0.301258 0.551880 0.031411 0.038981
0 0.338893 0.544417 0.015245 0.019074
0 0.378318 0.556306 0.034990 0.052815
0 0.433682 0.548565 0.020375 0.023500
0 0.472174 0.558102 0.036391 0.048667
0 0.492471 0.538194 0.023172 0.028759
0 0.511599 0.549394 0.022865 0.026824
0 0.555299 0.558792 0.032818 0.048380
0 0.593169 0.552157 0.029859 0.027370
0 0.640232 0.553134 0.033526 0.041565
0 0.675255 0.549458 0.031604 0.034380
0 0.726026 0.550968 0.028406 0.034231
