0 0.139708 0.550042 0.022615 0.033009
0 0.178471 0.547153 0.019797 0.019528
0 0.204661 0.555116 0.031719 0.049583
0 0.251193 0.549912 0.021750 0.023250
0 0.298302 0.554343 0.034896 0.048296
0 0.343096 0.553384 0.030703 0.043028
0 0.389807 0.567509 0.032656 0.064611
0 0.429760 0.554218 0.032365 0.045472
0 0.467187 0.546380 0.027021 0.039815
0 0.505878 0.552148 0.029984 0.045704
0 0.530292 0.537690 0.019125 0.024935
0 0.550732 0.548421 0.033297 0.048269
0 0.595281 0.556759 0.035698 0.057463
0 0.658604 0.555546 0.033313 0.049278
0 0.713318 0.555384 0.036542 0.059194
