0 0.165948 0.561338 0.029510 0.051361
0 0.218766 0.556745 0.036135 0.049546
0 0.264339 0.550671 0.023729 0.025250
0 0.308477 0.551792 0.032901 0.041546
0 0.253104 0.531333 0.023552 0.024926
0 0.379859 0.552148 0.026615 0.039926
0 0.428716 0.551995 0.030172 0.040843
0 0.499852 0.549606 0.024536 0.028676
0 0.544893 0.540819 0.020286 0.032676
0 0.591409 0.545676 0.021589 0.028204
0 0.623625 0.541620 0.013385 0.020556
0 0.647247 0.556255 0.034714 0.048565
0 0.679833 0.546699 0.026427 0.029454
0 0.721042 0.560435 0.034490 0.062500
