0 0.295651 0.557958 0.035052 0.046398
0 0.139461 0.560856 0.032630 0.034806
0 0.177797 0.549981 0.019573 0.018852
0 0.202674 0.560856 0.030182 0.040602
0 0.249167 0.551426 0.023656 0.018852
0 0.340112 0.555056 0.030995 0.034796
0 0.392315 0.577528 0.027734 0.071056
0 0.425763 0.560130 0.034234 0.039148
0 0.464094 0.555079 0.032625 0.026139
0 0.504062 0.560106 0.032625 0.033306
0 0.548109 0.561579 0.032635 0.036250
0 0.594193 0.565931 0.035073 0.044954
0 0.632935 0.550704 0.014682 0.014500
0 0.661893 0.568106 0.030182 0.055102
0 0.712464 0.561579 0.035073 0.050750
0 0.804633 0.605083 0.028547 0.033352
