0 0.699852 0.539824 0.022422 0.025574
0 0.658898 0.547083 0.022943 0.026722
0 0.601818 0.556269 0.028854 0.042315
0 0.609141 0.553986 0.017885 0.021843
0 0.535034 0.554259 0.029859 0.039537
0 0.486161 0.552491 0.033260 0.039185
0 0.427732 0.557815 0.033557 0.054093
0 0.447508 0.535444 0.021276 0.030074
0 0.377169 0.550481 0.020224 0.029296
0 0.317766 0.558870 0.032062 0.053537
0 0.264354 0.552213 0.030417 0.039148
0 0.224727 0.560199 0.033557 0.060991
0 0.173406 0.549731 0.021375 0.022130
0 0.135081 0.544866 0.026172 0.034806
