0 0.302232 0.546153 0.021422 0.022398
0 0.129479 0.550051 0.020156 0.023231
0 0.174578 0.556116 0.033302 0.046398
0 0.210930 0.549032 0.018630 0.022398
0 0.255703 0.554231 0.033844 0.048796
0 0.373198 0.549106 0.022948 0.030880
0 0.434487 0.548792 0.018807 0.024806
0 0.467924 0.552792 0.032578 0.050713
0 0.512427 0.548153 0.025469 0.030565
0 0.551443 0.554634 0.035104 0.048639
0 0.593023 0.553509 0.027901 0.027204
0 0.638518 0.552792 0.030870 0.042713
0 0.672224 0.547750 0.024479 0.033926
0 0.724422 0.547755 0.027542 0.032639
