0 0.048586 0.614042 0.029193 0.033528
0 0.130333 0.567009 0.035885 0.050278
0 0.165302 0.553218 0.024937 0.027028
0 0.220654 0.555380 0.022505 0.024870
0 0.252281 0.560792 0.034667 0.037843
0 0.311430 0.552681 0.021589 0.017306
0 0.434656 0.558083 0.031094 0.035037
0 0.484141 0.564699 0.035469 0.046713
0 0.526401 0.567815 0.035031 0.051389
0 0.560122 0.553412 0.028901 0.024139
0 0.600190 0.553801 0.020578 0.021806
0 0.656682 0.553412 0.024958 0.022583
0 0.710328 0.560032 0.035906 0.045157
0 0.788716 0.610634 0.029776 0.048269
0 0.372263 0.555338 0.021286 0.019824
0 0.286073 0.551917 0.017990 0.017574
