0 0.805164 0.609602 0.032516 0.044907
0 0.726823 0.555856 0.033323 0.034880
0 0.684219 0.555861 0.034687 0.042519
0 0.642708 0.556338 0.031708 0.043472
0 0.599167 0.554431 0.033333 0.044417
0 0.557250 0.557292 0.034937 0.048250
0 0.511430 0.549884 0.022839 0.027713
0 0.481867 0.548690 0.020693 0.022454
0 0.436909 0.550889 0.028484 0.036315
0 0.379130 0.556861 0.034396 0.050167
0 0.338818 0.548981 0.033323 0.040130
0 0.299987 0.551847 0.033057 0.039176
0 0.254031 0.562856 0.032521 0.059287
0 0.177440 0.565463 0.029828 0.066407
0 0.211839 0.549458 0.029292 0.028676
