0 0.254331 0.561940 0.033401 0.059083
0 0.299216 0.552472 0.032099 0.036833
0 0.339430 0.548491 0.016984 0.018907
0 0.377969 0.558611 0.035083 0.047111
0 0.435729 0.547829 0.026312 0.037491
0 0.480893 0.549981 0.022953 0.027870
0 0.511313 0.549819 0.022958 0.025546
0 0.128966 0.550093 0.020682 0.022037
0 0.554987 0.560130 0.031099 0.048685
0 0.590818 0.552315 0.029073 0.028241
0 0.596565 0.548111 0.019609 0.017426
0 0.641492 0.557120 0.034755 0.043074
0 0.676021 0.550579 0.030906 0.036028
0 0.727701 0.551384 0.026943 0.034417
0 0.177628 0.566241 0.031911 0.060389
0 0.211688 0.548991 0.027250 0.031185
