0 0.061177 0.614093 0.031510 0.026630
0 0.129719 0.552458 0.017333 0.021009
0 0.177776 0.567171 0.033094 0.056028
0 0.209286 0.549662 0.023635 0.023824
0 0.255375 0.558083 0.035448 0.043463
0 0.305401 0.550356 0.028365 0.025213
0 0.368427 0.558106 0.029938 0.032306
0 0.433432 0.550370 0.019677 0.019630
0 0.467680 0.562264 0.034641 0.040620
0 0.510232 0.551051 0.022057 0.026602
0 0.555617 0.560394 0.033245 0.041102
0 0.591656 0.554269 0.027500 0.025056
0 0.636714 0.556736 0.035354 0.037380
0 0.671487 0.549741 0.030036 0.028370
0 0.726477 0.551190 0.032349 0.029583
0 0.805961 0.612394 0.033276 0.046824
