0 0.129253 0.571009 0.026943 0.066704
0 0.061154 0.610898 0.029359 0.024685
0 0.171682 0.552903 0.035073 0.021787
0 0.208385 0.552153 0.023656 0.020306
0 0.254469 0.557231 0.034260 0.033352
0 0.303815 0.549255 0.025286 0.023194
0 0.372740 0.550704 0.026104 0.020296
0 0.430245 0.568106 0.030177 0.055102
0 0.468172 0.554329 0.034260 0.030454
0 0.508138 0.565208 0.030995 0.055102
0 0.551779 0.560130 0.031807 0.036259
0 0.593786 0.551468 0.029365 0.018917
0 0.637833 0.555778 0.031000 0.033352
0 0.672495 0.548528 0.026917 0.024648
0 0.720620 0.549273 0.028552 0.020343
