0 0.127716 0.563917 0.034630 0.060519
0 0.164594 0.550005 0.028562 0.035472
0 0.218490 0.552269 0.022885 0.025389
0 0.258987 0.554356 0.029932 0.038602
0 0.311706 0.550356 0.021130 0.022954
0 0.371961 0.553481 0.021911 0.023648
0 0.435737 0.553310 0.031297 0.042083
0 0.484057 0.560963 0.033260 0.050426
0 0.528711 0.561931 0.034609 0.059657
0 0.562271 0.552477 0.021427 0.025843
0 0.599570 0.550616 0.019766 0.023120
0 0.656609 0.558088 0.018698 0.036120
0 0.657687 0.637352 0.033083 0.105148
0 0.703534 0.555370 0.034161 0.039630
