0 0.134344 0.550991 0.021146 0.021759
0 0.207878 0.549639 0.027536 0.036167
0 0.251167 0.554602 0.032760 0.045759
0 0.291891 0.548120 0.024031 0.024796
0 0.340898 0.548759 0.021599 0.025444
0 0.366232 0.545639 0.010349 0.016000
0 0.386706 0.552356 0.021599 0.029120
0 0.392198 0.555162 0.031677 0.046880
0 0.430044 0.549477 0.026370 0.029120
0 0.501771 0.550917 0.029427 0.037444
0 0.587318 0.556838 0.039062 0.043194
0 0.591638 0.552597 0.023401 0.026083
0 0.555141 0.542597 0.012687 0.015361
0 0.664755 0.550986 0.029625 0.029472
0 0.697799 0.551097 0.029068 0.029120
0 0.721109 0.544935 0.016469 0.020000
0 0.760508 0.558583 0.026401 0.048667
