0 0.603411 0.553500 0.019781 0.022556
0 0.644094 0.550185 0.030979 0.038481
0 0.698404 0.553833 0.034339 0.044463
0 0.129852 0.555157 0.031536 0.047111
0 0.176508 0.549519 0.018099 0.023222
0 0.209914 0.534255 0.026318 0.033176
0 0.252839 0.561134 0.033406 0.057065
0 0.283633 0.544213 0.023328 0.024556
0 0.320117 0.561468 0.032099 0.061046
0 0.373771 0.546866 0.019594 0.025880
0 0.417906 0.567602 0.031354 0.068685
0 0.386927 0.544213 0.013063 0.015259
0 0.457659 0.549356 0.012693 0.017583
0 0.479492 0.554481 0.029484 0.041778
0 0.528667 0.543051 0.026312 0.038157
0 0.565154 0.549023 0.020526 0.026213
0 0.596878 0.556153 0.029484 0.041139
