0 0.164969 0.556139 0.035771 0.050926
0 0.225102 0.559708 0.034474 0.060361
0 0.262427 0.550838 0.031365 0.034787
0 0.319057 0.551764 0.028760 0.035713
0 0.362672 0.547611 0.023198 0.028796
0 0.357036 0.543931 0.013219 0.015898
0 0.384057 0.545537 0.027865 0.037093
0 0.413799 0.551301 0.027214 0.035250
0 0.479935 0.551593 0.030651 0.037593
0 0.519430 0.548662 0.023359 0.028472
0 0.565286 0.549838 0.022104 0.026972
0 0.603654 0.562630 0.032078 0.059037
0 0.645745 0.561398 0.033729 0.058722
0 0.689833 0.547602 0.022021 0.027130
0 0.725857 0.543519 0.027307 0.030926
