0 0.131305 0.549981 0.019578 0.018852
0 0.174943 0.559403 0.031812 0.040602
0 0.211648 0.552880 0.025286 0.021759
0 0.254974 0.555264 0.033073 0.035028
0 0.302643 0.548954 0.022849 0.022407
0 0.373547 0.551759 0.022844 0.022407
0 0.430661 0.571366 0.029938 0.058824
0 0.468477 0.558060 0.033089 0.032213
0 0.509047 0.566481 0.035448 0.051852
0 0.550805 0.558060 0.032297 0.040620
0 0.593740 0.554560 0.029938 0.025213
0 0.636677 0.555968 0.037031 0.033602
0 0.672141 0.548958 0.027594 0.028009
0 0.724911 0.550356 0.027573 0.028009
0 0.805268 0.607079 0.029151 0.032213
0 0.762727 0.591676 0.029151 0.029407
0 0.060786 0.611981 0.027573 0.025204
