0 0.066260 0.616954 0.035958 0.034426
0 0.145581 0.555356 0.031120 0.027046
0 0.205404 0.557815 0.029047 0.031963
0 0.251737 0.551051 0.020745 0.025824
0 0.288734 0.553514 0.028354 0.033194
0 0.343367 0.557199 0.031120 0.030731
0 0.389365 0.569495 0.030437 0.055324
0 0.429115 0.557199 0.032500 0.030731
0 0.458862 0.550421 0.018672 0.014713
0 0.504505 0.557815 0.033885 0.031963
0 0.556372 0.552282 0.024203 0.023361
0 0.595789 0.563347 0.039422 0.045491
0 0.658721 0.559046 0.032505 0.034426
0 0.715083 0.557199 0.038729 0.043028
