0 0.061294 0.612602 0.034036 0.028407
0 0.129076 0.551843 0.020422 0.019426
0 0.177471 0.566551 0.030786 0.052083
0 0.209734 0.550509 0.027229 0.021056
0 0.254133 0.563662 0.034339 0.052620
0 0.306820 0.552630 0.031964 0.025296
0 0.369052 0.558144 0.033094 0.028843
0 0.435240 0.549491 0.021417 0.019611
0 0.467036 0.563912 0.034396 0.041528
0 0.509865 0.551801 0.024010 0.020769
0 0.555128 0.561032 0.034068 0.043843
0 0.593091 0.555551 0.029526 0.023657
0 0.639326 0.559009 0.033745 0.035185
0 0.673716 0.551806 0.029203 0.027685
0 0.724331 0.554106 0.029849 0.032306
0 0.803826 0.609194 0.029849 0.042111
