0 0.166969 0.561269 0.031802 0.051759
0 0.187909 0.537778 0.023516 0.035833
0 0.218924 0.558083 0.031349 0.044593
0 0.263937 0.549722 0.023292 0.023093
0 0.307833 0.551514 0.033146 0.038620
0 0.370760 0.557287 0.034490 0.053352
0 0.364826 0.555097 0.025307 0.037824
0 0.431565 0.552907 0.030234 0.040611
0 0.499531 0.550319 0.024635 0.025880
0 0.466833 0.535579 0.017917 0.029028
0 0.546786 0.545144 0.022396 0.029861
0 0.596464 0.551111 0.028531 0.035259
0 0.602372 0.548579 0.017526 0.018120
0 0.645984 0.557032 0.035187 0.047102
0 0.679471 0.547731 0.025536 0.034778
0 0.757620 0.605722 0.029094 0.076556
