0 0.129375 0.549088 0.022573 0.024194
0 0.177380 0.566176 0.030021 0.064130
0 0.210971 0.549565 0.022464 0.028222
0 0.260596 0.548894 0.020411 0.023806
0 0.299745 0.553792 0.032187 0.035139
0 0.338193 0.551968 0.030021 0.038787
0 0.356391 0.539005 0.010479 0.015176
0 0.377721 0.557343 0.035203 0.049926
0 0.409203 0.544282 0.021490 0.023806
0 0.436742 0.549852 0.025380 0.036093
0 0.475786 0.548986 0.023542 0.032065
0 0.511318 0.549083 0.022031 0.027259
0 0.557703 0.562810 0.031000 0.061250
0 0.599932 0.555806 0.034885 0.043778
0 0.605276 0.551866 0.020521 0.027454
0 0.642320 0.557630 0.035641 0.042426
0 0.684365 0.551829 0.035771 0.048157
0 0.727029 0.551579 0.030974 0.042620
