0 0.058766 0.612426 0.030906 0.031056
0 0.129310 0.551514 0.022578 0.020065
0 0.177687 0.569903 0.030104 0.062583
0 0.212081 0.552944 0.025797 0.023889
0 0.259513 0.551032 0.022307 0.022935
0 0.299018 0.556051 0.032516 0.032972
0 0.337583 0.555569 0.030635 0.032009
0 0.330406 0.551880 0.015896 0.017519
0 0.378891 0.559440 0.034490 0.046176
0 0.373516 0.556454 0.020156 0.032241
0 0.407781 0.547500 0.022396 0.018315
0 0.436224 0.551477 0.025979 0.030250
0 0.476083 0.551676 0.026427 0.029056
0 0.511133 0.550884 0.026651 0.023491
0 0.558276 0.568995 0.030010 0.054139
0 0.598359 0.558046 0.034042 0.035426
0 0.642951 0.558486 0.034401 0.043472
0 0.684148 0.557056 0.037089 0.042519
0 0.803469 0.611759 0.033323 0.049685
0 0.757646 0.578074 0.031979 0.049204
