0 0.060344 0.612333 0.029365 0.024648
0 0.139055 0.558681 0.028547 0.036250
0 0.172495 0.544176 0.023656 0.018852
0 0.209201 0.550704 0.022026 0.020296
0 0.251208 0.555056 0.029365 0.029000
0 0.296068 0.562306 0.035885 0.043500
0 0.341745 0.554352 0.035885 0.036296
0 0.392315 0.550704 0.017943 0.014500
0 0.426982 0.559407 0.033443 0.037704
0 0.465318 0.553625 0.031813 0.029046
0 0.507732 0.562306 0.030182 0.046407
0 0.549740 0.556505 0.032625 0.040602
0 0.597453 0.564481 0.026917 0.053648
0 0.633750 0.546356 0.021208 0.017398
0 0.667193 0.552176 0.024469 0.031944
0 0.716542 0.550704 0.023656 0.023204
0 0.804633 0.600731 0.031807 0.039148
