0 0.129263 0.549023 0.022005 0.021861
0 0.177159 0.567431 0.031932 0.057917
0 0.211245 0.550366 0.024594 0.026083
0 0.254177 0.563981 0.033656 0.055611
0 0.299701 0.554009 0.033224 0.033370
0 0.337885 0.548449 0.019417 0.022250
0 0.682734 0.554222 0.034219 0.048278
0 0.725594 0.550222 0.033792 0.046981
0 0.330010 0.541926 0.014458 0.018407
0 0.378445 0.558611 0.034516 0.048704
0 0.437557 0.549787 0.025458 0.033370
0 0.481245 0.548449 0.020927 0.029917
0 0.510802 0.549597 0.024375 0.023787
0 0.554961 0.558662 0.030276 0.049380
0 0.597927 0.556167 0.029448 0.032926
0 0.602247 0.549787 0.021224 0.016463
0 0.642250 0.556444 0.034229 0.044944
