0 0.210414 0.548551 0.022818 0.021787
0 0.131305 0.560866 0.034255 0.046417
0 0.176573 0.549255 0.023656 0.023194
0 0.253654 0.555056 0.030995 0.031907
0 0.303411 0.550000 0.019531 0.018889
0 0.374370 0.550704 0.024469 0.023204
0 0.428612 0.566657 0.028547 0.052204
0 0.470208 0.552870 0.033437 0.033333
0 0.508951 0.567384 0.032620 0.050750
0 0.552594 0.557958 0.030177 0.040602
0 0.595008 0.552157 0.025286 0.023204
0 0.636607 0.550708 0.025286 0.023213
0 0.665156 0.549255 0.022021 0.020306
0 0.721844 0.549968 0.026104 0.021731
0 0.061156 0.613782 0.032625 0.027546
0 0.805846 0.607255 0.029349 0.034806
