0 0.142815 0.555356 0.026974 0.027046
0 0.180508 0.547977 0.015214 0.014750
0 0.204711 0.557199 0.030432 0.028269
0 0.251391 0.551667 0.021438 0.022130
0 0.288750 0.555972 0.031146 0.030741
0 0.344406 0.560273 0.033198 0.036880
0 0.335417 0.553523 0.015219 0.020917
0 0.390396 0.568880 0.029740 0.056556
0 0.429117 0.557815 0.032495 0.031963
0 0.458513 0.550440 0.022130 0.017213
0 0.508307 0.557847 0.033198 0.034491
0 0.557753 0.552292 0.025589 0.023380
0 0.595792 0.562731 0.033885 0.044259
0 0.659070 0.559042 0.034578 0.036880
0 0.717164 0.557810 0.031818 0.039343
0 0.806013 0.602074 0.031099 0.029500
0 0.066398 0.615616 0.034578 0.036917
