0 0.252060 0.560639 0.034432 0.056611
0 0.288177 0.552352 0.030031 0.034519
0 0.335940 0.550741 0.027703 0.032222
0 0.351344 0.538792 0.022781 0.034083
0 0.366133 0.544181 0.019974 0.029046
0 0.391935 0.553153 0.031214 0.048824
0 0.428508 0.549731 0.031318 0.044574
0 0.456964 0.543903 0.024969 0.028120
0 0.504622 0.551579 0.031620 0.039398
0 0.555815 0.542588 0.022286 0.032028
0 0.593919 0.558259 0.034214 0.053222
0 0.665372 0.552005 0.028755 0.038657
0 0.204964 0.553810 0.031458 0.038398
0 0.142987 0.549009 0.030047 0.037981
0 0.711576 0.552639 0.033057 0.052074
