0 0.171526 0.548671 0.017104 0.020731
0 0.223557 0.561347 0.034344 0.060361
0 0.263542 0.552704 0.030583 0.040315
0 0.298661 0.530588 0.024365 0.036639
0 0.317909 0.558236 0.028641 0.054139
0 0.377523 0.549838 0.020609 0.026750
0 0.433706 0.558245 0.035255 0.057398
0 0.487036 0.552588 0.028646 0.041009
0 0.533823 0.555356 0.032531 0.036861
0 0.539458 0.550866 0.028250 0.031565
0 0.603029 0.556162 0.037193 0.042157
0 0.609573 0.553514 0.019958 0.021194
0 0.659469 0.548556 0.023844 0.025574
0 0.698867 0.542222 0.019182 0.022574
0 0.133307 0.553329 0.031365 0.034565
