0 0.557669 0.565579 0.031724 0.069676
0 0.118302 0.547181 0.019906 0.034009
0 0.128414 0.556167 0.018349 0.024889
0 0.149953 0.535981 0.025969 0.036500
0 0.177792 0.548981 0.017885 0.019352
0 0.220091 0.554509 0.034995 0.035944
0 0.258958 0.548519 0.023125 0.026852
0 0.298779 0.552769 0.035214 0.037685
0 0.336708 0.552639 0.031354 0.041148
0 0.377484 0.557782 0.032656 0.054083
0 0.406969 0.545671 0.026312 0.029861
0 0.441961 0.553801 0.032474 0.050102
0 0.474901 0.551315 0.032656 0.031852
0 0.519682 0.553319 0.033760 0.047806
0 0.600128 0.556787 0.032661 0.046778
0 0.605633 0.553134 0.020901 0.034176
0 0.645477 0.556125 0.034526 0.056731
0 0.684573 0.555125 0.035833 0.050102
