0 0.143161 0.554125 0.031813 0.029509
0 0.205401 0.555356 0.031813 0.036880
0 0.251044 0.549824 0.020745 0.030741
0 0.288383 0.551667 0.029057 0.034426
0 0.342331 0.555356 0.033193 0.036880
0 0.389013 0.565806 0.032505 0.055333
0 0.429815 0.555972 0.033891 0.028278
0 0.460940 0.550421 0.021453 0.014713
0 0.479932 0.546148 0.008260 0.008630
0 0.505885 0.557199 0.033885 0.030731
0 0.556365 0.551662 0.026958 0.027046
0 0.596135 0.560884 0.033198 0.045491
0 0.658724 0.556583 0.033885 0.036889
0 0.713354 0.554741 0.033885 0.043037
0 0.804297 0.602074 0.031812 0.027056
0 0.067435 0.614986 0.039422 0.033194
